kinematics:
  shoulder:
    x: 0
    y: 0
    z: 0.1806376812627837
    roll: -0
    pitch: 0
    yaw: -2.53861228489971e-07
  upper_arm:
    x: -2.285606154367158e-05
    y: 0
    z: 0
    roll: 1.570472596673279
    pitch: 0
    yaw: 3.073992835273747e-06
  forearm:
    x: -0.6121983269022139
    y: 0
    z: 0
    roll: 3.141274627260235
    pitch: 3.141240403243377
    yaw: -3.141591102366652
  wrist_1:
    x: -0.5712330601751712
    y: 0.0004329835046063433
    z: 0.1742128632188821
    roll: 3.139107288243705
    pitch: 3.141268978520448
    yaw: 3.14159052596105
  wrist_2:
    x: 8.52885205343058e-05
    y: -0.1197785593257231
    z: 0.0001355692827882385
    roll: 1.569664494640116
    pitch: 0
    yaw: -9.457664381859465e-08
  wrist_3:
    x: -5.365046986518521e-05
    y: 0.1155584444059125
    z: 0.0001478348706483035
    roll: 1.572075634341464
    pitch: 3.141592653589793
    yaw: -3.1415925263332
  hash: calib_1434417689298607488
