kinematics:
  shoulder:
    x: 0
    y: 0
    z: 0.1806564588275107
    roll: -0
    pitch: 0
    yaw: -1.59861700873426e-07
  upper_arm:
    x: -1.367227969400934e-05
    y: 0
    z: 0
    roll: 1.570952631393168
    pitch: 0
    yaw: 1.849578840899087e-06
  forearm:
    x: -0.6122462127179813
    y: 0
    z: 0
    roll: 3.140814931645541
    pitch: 3.141484207551449
    yaw: 3.141590527435004
  wrist_1:
    x: -0.571446360290001
    y: 0.0002623992171785642
    z: 0.1739191774519422
    roll: 3.140083912449666
    pitch: -3.139963217148313
    yaw: 3.141587372528296
  wrist_2:
    x: 8.03490435769896e-05
    y: -0.1197533438508474
    z: 0.0001539363549840609
    roll: 1.569510882353451
    pitch: 0
    yaw: 1.717812377344252e-07
  wrist_3:
    x: -1.057150433857888e-05
    y: 0.1157174641601317
    z: 0.0001638351947644621
    roll: 1.572212146666874
    pitch: 3.141592653589793
    yaw: 3.141592398892574
  hash: calib_11281982268734824405
