kinematics:
  shoulder:
    x: 0
    y: 0
    z: 0.08943031183954048
    roll: -0
    pitch: 0
    yaw: -4.205133073583806e-05
  upper_arm:
    x: 0.0001641922819152905
    y: 0
    z: 0
    roll: 1.570679858010433
    pitch: 0
    yaw: 3.088405313880621e-05
  forearm:
    x: -0.4250833030878999
    y: 0
    z: 0
    roll: 3.140341638713022
    pitch: 3.141526495056802
    yaw: -3.141582121861369
  wrist_1:
    x: -0.3921614841451533
    y: -0.0003165430753626445
    z: 0.110549176657524
    roll: 0.002863361083618109
    pitch: 0.001453986375907862
    yaw: 7.498179373998971e-06
  wrist_2:
    x: 1.921467153836884e-05
    y: -0.09480454848266881
    z: 2.183567771197144e-05
    roll: 1.57056600369674
    pitch: 0
    yaw: -5.743436999149347e-05
  wrist_3:
    x: 0.0001182238626923347
    y: 0.08264009234401855
    z: 6.394227431942861e-05
    roll: 1.571570070624864
    pitch: 3.141592653589793
    yaw: 3.14157915644913
  hash: calib_11278184747217216741
